-8.72975
-8.973
-8.71332
-8.5128
-8.31229
-8.12822
-7.94085
-7.75677
-7.57927
-7.40834
-7.2407
-7.06977
-6.91199
-6.75421
-6.60301
-6.45509
-6.30717
-6.1724
-6.02119
-5.88971
-5.75823
-5.63003
-5.50183
-5.37692
-5.25201
-5.13368
-5.01534
-4.90687
-4.79182
-4.68335
-4.57487
-4.46969
-4.36779
-4.26589
-4.1607
-4.06538
-3.97005
-3.87801
-3.78926
-3.69722
-3.6019
-3.51643
-3.43097
-3.34879
-3.26661
-3.18115
-3.10555
-3.02666
-2.95763
-2.87874
-2.79985
-2.72753
-2.6585
-2.58947
-2.52044
-2.45799
-2.39225
-2.31993
-2.25419
-2.19502
-2.13585
-2.07669
-2.01752
-1.95506
-1.90247
-1.8433
-1.79071
-1.7414
-1.50473
-1.7677
-1.9715
-2.16544
-2.35938
-2.55331
-2.74068
-2.91489
-3.0924
-3.26333
-3.42768
-3.59203
-3.73995
-3.89445
-4.04565
-4.19028
-4.33163
-4.46969
-4.60446
-4.74252
-4.87071
-5.0022
-5.1271
-5.24215
-5.36706
-5.48211
-5.59716
-5.70892
-5.81739
-5.93244
-6.03105
-6.13953
-6.24471
-6.34333
-6.44194
-6.53727
-6.63259
-6.71806
-6.81009
-6.90871
-6.9876
-7.07306
-7.15852
-7.24399
-7.31631
-7.3952
-7.47409
-7.55298
-7.62529
-7.70418
-7.77321
-7.83895
-7.91127
-7.98358
-8.04604
-8.11835
-8.17752
-8.23669
-8.30243
-8.36817
-8.42734
-8.48651
-8.55225
-8.60813
-8.66072
